VV_VVA:1.0
VV_SN:5FFVN_0005
VV_HW:1.02
VV_FW:1.32c
pilot:Quent
date:040126
hour:None
altitude_max:2593
altitude_min:1560
avg_windspeed:16.974068071312804
avg_winddir:22.753646677471636
